epoch,train_loss,dev_loss,record_f1,record_em,sql_em,error_rate,best_f1
-1,nan,5.277186,0.118026,0.118026,0.000000,1.000000,0.118026
0,2.011211,nan,nan,nan,nan,nan,0.118026
1,0.237129,0.109558,0.256056,0.195279,0.012876,0.497854,0.256056
2,0.129999,nan,nan,nan,nan,nan,0.256056
3,0.092986,0.053535,0.130645,0.122318,0.004292,0.869099,0.256056
4,0.072380,nan,nan,nan,nan,nan,0.256056
5,0.058217,0.037582,0.156737,0.152361,0.004292,0.890558,0.256056
6,0.048679,nan,nan,nan,nan,nan,0.256056
7,0.041759,0.031358,0.137180,0.135193,0.006438,0.948498,0.256056
8,0.036585,nan,nan,nan,nan,nan,0.256056
9,0.032287,0.023931,0.147195,0.143777,0.004292,0.948498,0.256056
10,0.030031,nan,nan,nan,nan,nan,0.256056
11,0.026274,0.022609,0.148482,0.145923,0.004292,0.933476,0.256056
12,0.023971,nan,nan,nan,nan,nan,0.256056
13,0.021834,0.020106,0.130957,0.130901,0.004292,0.963519,0.256056
14,0.020496,nan,nan,nan,nan,nan,0.256056
