epoch,train_loss,dev_loss,record_f1,record_em,sql_em,error_rate,best_f1
-1,nan,5.277186,0.118026,0.118026,0.000000,1.000000,0.118026
0,2.041312,nan,nan,nan,nan,nan,0.118026
1,0.241120,nan,nan,nan,nan,nan,0.118026
2,0.131686,nan,nan,nan,nan,nan,0.118026
3,0.094454,0.056478,0.545912,0.454936,0.010730,0.212446,0.545912
4,0.072863,nan,nan,nan,nan,nan,0.545912
5,0.058199,nan,nan,nan,nan,nan,0.545912
6,0.049292,nan,nan,nan,nan,nan,0.545912
7,0.041934,0.030432,0.699485,0.628755,0.012876,0.130901,0.699485
8,0.037328,nan,nan,nan,nan,nan,0.699485
9,0.032825,nan,nan,nan,nan,nan,0.699485
10,0.029657,nan,nan,nan,nan,nan,0.699485
11,0.026137,0.023868,0.735704,0.716738,0.019313,0.188841,0.735704
12,0.024019,nan,nan,nan,nan,nan,0.735704
13,0.022099,nan,nan,nan,nan,nan,0.735704
14,0.020349,nan,nan,nan,nan,nan,0.735704
